9148
20225
35591
39834
42963
49671
54824
60259
63345
70066
78514
85835
86848
89803
94758
98639
113023
122344
153586
223803
226247
235713
237230
237276
239619
245139
246909
247368
247819
282014
296008
309108
309634
318400
336185
357570
362751
363816
375544
424155
431982
436346
448336
482672
489373
500042
510059
526938
529439
537340
550694
556148
567849
576669
597919
628026
636126
649685
658088
663903
666634
683635
688648
700227
702947
711713
718946
735475
736783
758733
760797
764425
775633
776139
778001
798046
800375
807772
817413
822169
838072
850816
854200
863148
868616
868670
869357
878902
909702
913288
932566
938018
944194
958237
959611
963304
970858
972455
978541
981238
