9104
64307
82260
92202
9384
54261
56116
8928
74408
53854
81682
54366
43330
77551
53770
17780
26167
44650
98061
81490
46917
50401
39885
28665
54894
17235
35823
29602
57094
55304
94477
29584
45324
76378
36544
46617
4873
56320
89241
64525
94794
2146
27420
48517
78912
47939
58741
12235
61752
18370
34744
81947
21921
1491
27089
48521
10997
5011
44961
15034
91783
33241
38113
67343
79503
89938
13375
70653
96180
824
51748
70787
68108
22462
60629
75109
85772
31916
50716
81122
63974
39129
16997
10702
97236
55347
79816
92879
32878
99500
14353
28350
52094
47179
59591
23240
69952
47067
82872
28799
