91366
41730
42799
266
40617
58726
9557
85013
59433
61333
54062
38391
28254
88248
74964
98673
64018
12564
82646
65747
1842
71313
20276
26675
66259
10469
37327
66335
12833
93489
83871
70561
87253
91617
45217
2989
25668
88433
16856
49314
62431
66617
43048
3263
54719
22574
74623
96208
5706
37768
75890
70240
59743
19965
89648
66567
94765
76002
29331
57118
56640
4992
634
30702
49074
68399
35935
63507
55173
9794
68329
6255
50990
83305
58061
13593
80232
78627
26149
78320
63226
81915
18959
9553
9310
25254
10320
62471
77715
74982
28306
93511
5159
93176
21898
75460
78304
79899
92432
40516
