266
634
1842
2989
3263
4992
5159
5706
9310
9557
9794
10469
12564
12833
13593
16856
18959
18959
19965
20276
22574
25254
25254
25668
26149
26675
28254
29331
30702
37327
37768
38391
40516
40617
41730
42799
43048
45217
49074
49314
50990
54062
54719
56640
57118
58726
59433
59743
61333
62431
62471
63507
63507
64018
65747
66259
66335
66567
66617
68329
68329
68399
68399
70240
70561
71313
74623
74964
74982
74982
75460
75890
76002
77715
77715
78304
78320
78320
79899
80232
80232
81915
82646
83305
83305
83871
85013
87253
88248
88433
89648
91366
91617
92432
93176
93489
93511
94765
96208
98673
