711713
758733
235713
431982
35591
482672
944194
628026
94758
245139
247368
510059
424155
863148
98639
658088
282014
838072
309108
39834
500042
529439
666634
636126
807772
237276
778001
362751
760797
246909
489373
223803
850816
978541
357570
70066
86848
153586
363816
868670
683635
718946
436346
567849
776139
822169
764425
54824
972455
89803
735475
597919
296008
649685
854200
800375
113023
817413
798046
537340
878902
576669
550694
85835
375544
49671
122344
663903
868616
9148
869357
309634
938018
556148
318400
688648
526938
775633
239619
20225
963304
336185
247819
448336
226247
932566
702947
42963
958237
60259
913288
78514
63345
981238
970858
959611
736783
909702
700227
237230
